4 13 18 1 5 3 11 21 26 30 
467
28 20 18 5 21 19 
24 22 12 18 17 5 
17 12 23 26 15 5 
4 18 8 15 9 30 
5 30 29 10 20 19 
5 31 3 19 1 12 
23 21 14 2 17 19 
23 12 13 20 26 1 
10 6 1 21 25 19 
31 26 13 28 4 30 
4 30 3 26 29 16 
22 31 13 27 18 10 
4 8 29 20 16 1 
31 13 4 11 24 27 
31 7 16 15 14 25 
19 12 14 27 4 17 
27 11 17 16 25 29 
13 30 2 27 20 29 
18 16 29 15 25 19 
27 25 20 6 7 1 
22 7 12 16 18 8 
17 23 16 29 26 25 
10 23 2 27 7 16 
17 22 20 10 13 21 
6 9 30 18 4 20 
6 8 11 2 29 7 
19 4 26 10 6 23 
5 10 1 17 7 30 
27 13 14 30 17 2 
14 7 27 30 12 17 
25 26 18 4 7 31 
26 29 27 28 19 30 
2 26 21 18 19 7 
17 20 12 27 14 23 
25 28 21 29 13 16 
22 20 9 4 23 14 
23 7 22 30 25 13 
11 26 20 24 5 9 
12 22 29 19 28 6 
28 17 27 29 30 22 
24 27 18 2 12 29 
6 29 19 8 30 28 
26 17 11 2 7 24 
1 17 24 11 20 5 
28 8 11 2 26 30 
20 10 14 4 26 12 
28 25 11 7 17 19 
21 17 25 19 20 16 
19 26 29 1 5 28 
12 28 10 1 5 17 
10 20 9 16 13 19 
19 30 12 26 24 20 
24 15 13 1 10 22 
23 6 14 30 27 22 
27 2 26 11 22 1 
20 19 7 25 15 1 
19 18 9 27 2 3 
22 5 12 9 26 18 
15 11 17 24 21 26 
4 19 1 10 14 15 
30 31 1 5 11 8 
28 12 4 31 5 15 
29 13 27 14 8 1 
12 22 9 23 13 15 
21 11 12 25 18 19 
5 25 18 6 26 12 
6 7 15 9 21 26 
20 5 17 25 13 12 
12 22 14 1 10 17 
18 2 31 13 28 5 
31 3 9 14 30 7 
12 23 29 7 8 17 
19 2 9 24 18 30 
19 17 11 6 24 28 
31 2 11 25 24 17 
5 26 29 17 19 27 
13 14 15 4 27 31 
14 16 30 15 6 27 
15 12 5 30 7 27 
31 22 11 6 30 14 
24 25 15 10 31 27 
22 18 27 23 25 1 
30 18 3 16 23 1 
18 31 12 17 13 28 
15 7 28 24 30 31 
16 4 28 17 26 10 
7 1 5 28 6 17 
6 27 18 13 29 23 
31 19 20 26 13 8 
1 21 2 27 15 23 
23 17 6 18 26 10 
18 7 6 24 22 28 
11 2 4 29 19 30 
30 18 8 12 31 6 
7 11 14 28 16 25 
24 6 31 22 16 27 
5 26 25 1 2 14 
26 2 27 30 31 13 
7 26 3 16 17 25 
26 19 13 12 11 27 
22 6 21 1 2 5 
3 1 15 7 30 8 
21 7 17 24 8 6 
13 9 11 29 12 2 
11 5 24 2 18 28 
23 6 13 22 29 19 
21 10 14 18 7 13 
11 4 26 5 2 22 
17 21 25 4 26 3 
10 19 15 3 22 4 
12 29 16 5 25 22 
30 17 15 13 1 29 
16 22 23 4 14 24 
6 1 4 10 30 20 
16 6 31 21 10 11 
5 21 16 25 31 26 
20 5 2 3 4 19 
14 26 1 31 23 8 
22 2 24 8 28 27 
27 18 5 15 26 9 
6 11 15 29 8 14 
17 22 15 12 14 29 
6 29 3 24 10 21 
4 17 16 31 24 9 
6 14 4 10 26 15 
28 4 10 20 12 15 
24 2 25 31 28 26 
4 23 19 14 1 10 
11 10 21 9 31 6 
18 13 26 11 1 30 
6 26 23 5 13 24 
10 5 24 17 31 26 
7 15 1 5 3 6 
24 2 30 22 25 13 
2 20 14 30 21 16 
19 15 2 18 13 1 
13 11 27 18 10 21 
7 31 11 23 13 18 
17 13 3 10 5 16 
19 15 20 24 29 17 
12 5 4 2 24 10 
26 15 3 10 4 9 
1 20 11 28 23 13 
1 22 29 11 9 8 
18 31 13 26 21 15 
3 28 15 29 30 2 
31 14 2 16 5 18 
24 28 29 7 31 16 
13 20 3 24 19 7 
5 22 1 6 17 21 
12 30 28 3 17 22 
21 29 26 18 11 1 
14 16 8 22 28 26 
14 4 28 15 23 30 
1 23 25 7 19 2 
13 5 31 19 6 22 
8 4 7 3 15 20 
16 9 6 31 30 22 
25 1 8 7 13 17 
4 25 20 13 19 27 
18 24 7 29 3 10 
11 21 3 2 16 24 
22 16 11 2 10 5 
27 10 1 20 29 2 
31 3 27 9 1 8 
19 28 23 20 1 21 
25 8 2 3 29 9 
5 4 23 16 7 19 
13 15 10 23 5 2 
31 16 18 23 14 20 
2 23 27 24 7 17 
3 4 15 21 5 10 
20 18 16 22 7 1 
1 3 5 10 29 23 
15 22 13 5 20 3 
20 10 2 25 7 27 
23 8 7 29 28 10 
11 25 21 17 12 26 
12 7 15 1 26 6 
16 20 30 21 3 23 
11 29 6 18 22 2 
3 15 14 29 25 12 
2 15 9 3 30 4 
14 19 24 30 3 8 
8 14 12 19 30 17 
25 20 5 10 12 26 
12 7 28 26 2 11 
21 31 17 4 13 26 
24 3 15 11 1 10 
5 3 21 15 28 20 
3 2 9 26 15 11 
3 8 29 5 1 2 
4 23 7 21 6 9 
25 4 17 27 1 16 
27 24 13 30 15 14 
25 16 10 20 31 30 
18 4 2 28 3 11 
20 22 25 29 5 14 
19 8 16 24 7 15 
23 19 8 20 3 9 
27 14 2 6 28 9 
25 4 17 24 1 26 
17 12 11 16 5 18 
25 19 28 14 20 1 
22 4 3 11 19 14 
17 9 3 15 4 13 
15 24 16 5 13 31 
5 12 29 27 1 10 
27 6 3 17 16 23 
22 3 9 20 16 27 
13 3 28 18 11 27 
24 25 16 2 1 21 
29 3 4 23 25 28 
20 24 5 28 14 6 
8 16 13 7 5 23 
4 2 18 30 15 28 
28 21 20 22 16 25 
26 4 20 27 7 23 
21 30 4 6 14 7 
8 29 19 24 12 30 
12 31 7 10 13 24 
14 22 31 28 7 6 
31 12 27 18 15 17 
6 20 16 5 4 12 
15 30 12 25 1 3 
14 13 28 24 2 4 
1 17 26 4 12 14 
17 16 30 29 9 26 
1 15 13 7 17 12 
19 16 5 23 10 3 
4 31 18 19 5 6 
19 11 8 31 24 7 
13 24 2 23 27 5 
8 28 15 12 29 20 
20 21 24 6 22 5 
2 19 25 7 22 6 
17 16 20 5 11 22 
17 26 21 16 30 13 
3 25 9 23 27 18 
28 16 18 26 31 5 
3 18 28 30 11 8 
20 2 16 26 7 30 
13 16 3 25 4 15 
31 29 5 30 23 2 
19 15 25 4 5 26 
22 12 15 16 20 2 
2 27 7 29 9 25 
7 12 13 23 26 21 
11 16 22 29 30 23 
1 6 16 28 4 23 
4 24 17 1 26 13 
27 29 26 22 21 14 
14 21 28 9 5 4 
22 7 8 6 16 21 
12 10 19 17 25 11 
12 6 30 14 8 10 
14 3 12 10 17 7 
17 19 24 31 10 5 
3 15 28 29 12 17 
1 27 15 31 22 25 
13 27 23 24 21 11 
4 18 17 13 21 19 
31 5 2 30 21 14 
27 28 6 17 1 14 
18 31 22 26 30 17 
29 19 30 6 3 12 
17 3 31 6 5 4 
4 17 14 11 16 29 
9 3 1 25 4 28 
8 18 27 5 12 29 
28 10 11 18 12 21 
3 5 7 31 19 28 
29 22 26 31 27 19 
28 13 3 10 9 5 
19 25 21 26 7 2 
19 16 4 10 20 29 
30 24 8 18 5 26 
17 10 20 16 31 22 
19 21 15 22 25 27 
24 15 2 31 23 19 
1 8 2 9 13 24 
8 1 29 13 3 22 
2 24 14 5 23 27 
12 1 24 11 4 27 
14 6 2 8 4 12 
8 15 21 30 18 24 
15 24 23 12 3 6 
24 18 19 28 13 15 
10 31 21 17 12 29 
1 6 21 20 11 24 
29 16 26 2 7 5 
19 15 13 2 8 14 
24 18 5 27 16 13 
27 7 25 30 28 2 
4 26 2 10 14 17 
5 16 8 28 9 6 
17 7 16 24 8 19 
3 28 21 14 22 9 
27 31 2 7 5 24 
30 20 12 16 2 25 
1 30 22 2 3 7 
12 2 21 17 9 20 
23 11 20 4 15 13 
9 19 7 22 17 18 
7 28 25 31 1 24 
26 17 30 1 24 4 
21 17 27 23 18 10 
10 25 31 3 21 9 
28 20 15 7 19 31 
8 20 4 13 21 17 
22 2 24 25 23 28 
30 11 21 22 7 19 
22 14 7 24 21 2 
4 5 22 27 10 21 
25 3 16 6 31 1 
19 14 7 4 29 11 
29 31 8 22 7 20 
18 2 25 9 27 22 
9 2 17 3 1 8 
11 7 12 18 6 29 
10 12 14 31 8 6 
25 17 28 24 5 4 
25 28 20 2 11 18 
22 4 21 7 1 20 
10 5 21 29 14 24 
4 21 7 6 9 18 
11 31 9 3 18 13 
14 2 20 16 25 3 
15 11 26 31 10 2 
29 19 28 31 8 23 
9 27 4 20 17 16 
31 20 28 10 13 7 
17 24 4 11 30 9 
18 2 12 25 10 5 
1 2 5 16 13 14 
2 13 30 12 1 7 
12 11 8 14 23 19 
29 17 22 23 27 11 
11 3 29 28 16 14 
8 7 6 15 22 20 
19 30 16 11 26 7 
1 7 28 15 31 9 
4 12 29 23 30 19 
9 15 29 5 26 11 
29 24 11 26 16 18 
12 16 30 17 24 13 
25 27 10 17 28 19 
30 18 11 24 12 16 
20 31 24 4 11 23 
31 11 7 27 17 24 
18 17 27 21 10 15 
8 11 27 10 14 9 
11 4 5 6 24 14 
18 26 6 22 20 8 
1 16 5 29 30 25 
6 12 26 1 27 20 
7 5 18 29 22 19 
23 31 26 13 4 18 
2 9 4 14 6 19 
13 1 10 5 16 11 
22 24 27 14 8 6 
21 16 1 15 7 19 
23 28 5 29 8 10 
5 6 25 23 12 30 
7 26 19 20 5 29 
15 19 2 30 24 12 
25 14 1 7 12 17 
1 19 4 15 23 25 
2 16 6 23 22 20 
27 12 6 7 1 2 
5 25 15 9 29 31 
20 6 4 10 27 28 
26 3 21 10 29 11 
25 20 8 30 7 19 
15 27 9 10 21 22 
27 13 25 30 20 5 
14 22 4 15 23 25 
15 23 6 19 11 1 
13 26 5 30 24 7 
5 11 10 30 1 28 
5 25 17 9 23 30 
17 11 25 28 12 3 
18 22 21 5 3 2 
15 29 22 24 17 28 
29 28 11 1 19 24 
6 31 8 17 24 1 
13 29 9 31 25 22 
24 25 20 26 7 31 
8 30 13 25 31 3 
3 13 17 26 30 29 
10 1 12 24 13 7 
12 16 7 27 21 8 
1 5 21 30 9 12 
10 20 5 29 27 15 
26 5 25 2 31 11 
20 5 23 13 11 26 
20 16 12 2 19 11 
1 15 2 30 21 6 
22 30 4 17 9 18 
13 14 22 21 9 6 
10 19 13 8 30 11 
18 4 3 31 28 24 
28 22 29 26 1 2 
27 17 26 9 12 16 
24 13 9 3 30 1 
13 19 3 30 10 18 
19 7 25 1 31 4 
11 18 3 19 30 1 
14 18 24 11 29 2 
17 1 3 11 13 16 
8 21 29 14 4 10 
5 19 10 23 11 4 
20 1 3 30 7 21 
21 11 23 14 26 31 
21 19 8 16 5 6 
15 25 2 30 23 21 
3 7 6 1 20 21 
15 12 19 10 27 18 
2 18 12 4 9 10 
19 28 4 12 7 30 
28 7 3 21 20 12 
16 18 8 6 17 3 
28 6 17 21 26 22 
8 28 25 11 22 14 
27 21 15 1 2 17 
12 18 26 21 10 28 
2 14 7 18 21 25 
11 27 8 1 19 2 
2 1 25 23 6 4 
25 22 18 2 20 6 
26 5 27 18 15 31 
29 27 19 17 18 14 
31 16 14 24 17 26 
5 9 16 31 11 19 
8 10 26 18 11 9 
19 22 8 2 29 11 
28 21 1 24 7 18 
11 5 24 8 13 28 
29 9 14 16 20 6 
9 31 24 4 22 16 
28 15 11 8 10 12 
12 14 5 20 28 29 
8 27 10 31 4 7 
11 8 31 24 9 5 
7 6 26 20 25 19 
15 8 20 7 4 25 
28 26 21 4 23 14 
27 16 8 12 2 29 
22 26 1 4 24 2 
3 2 1 23 13 21 
27 30 23 20 25 13 
3 22 16 5 31 4 
3 27 1 21 29 7 
20 19 13 12 16 1 
25 12 30 4 21 5 
4 18 23 14 22 28 
13 11 21 8 6 31 
14 21 31 23 1 19 
12 27 9 22 7 19 
2 15 26 29 10 25 
10 15 27 13 29 28 
20 19 23 3 16 1 
30 8 20 4 15 12 
6 12 24 15 31 20 
22 7 21 29 25 24 
19 3 25 6 27 21 
18 13 5 6 28 7 
